<?xml version="1.0"?>
<opencv_storage>
<intrinsic type_id="opencv-matrix">
  <rows>3</rows>
  <cols>3</cols>
  <dt>d</dt>
  <data>
    9.1862475562299574e+02 0. 3.6765229386869811e+02 0.
    9.1260706147348435e+02 3.2520316130486856e+02 0. 0. 1.</data></intrinsic>
<distortion type_id="opencv-matrix">
  <rows>1</rows>
  <cols>5</cols>
  <dt>d</dt>
  <data>
    -3.4947924712250042e-02 -3.6470874288073851e-01
    -1.3419636163933730e-02 -3.1559259997358646e-02
    1.2529773861284461e+00</data></distortion>
</opencv_storage>
